0
0
0
0
0
0
0
0
0
0
0
0
0
0
0
0
0
0
0
0
0
0
7
7
7
0
0
0
0
0
0
0
0
0
0
0
0
7
6
6
6
7
0
0
0
0
0
0
0
0
0
0
7
6
6
6
6
6
7
0
0
0
0
0
0
0
0
0
7
6
3
6
3
6
7
0
0
0
0
0
0
0
0
0
7
6
6
6
6
6
7
0
0
0
0
0
0
0
0
0
0
7
6
6
6
7
0
0
0
0
0
0
0
0
0
0
7
6
7
7
9
6
7
0
0
0
0
0
0
0
0
7
6
6
6
9
9
9
6
7
0
0
0
0
0
0
7
6
6
6
6
6
a
6
6
6
7
0
0
0
0
0
0
7
6
6
6
6
a
6
6
7
0
0
0
0
0
0
0
0
7
6
6
6
6
6
7
0
0
0
0
0
0
0
0
0
0
7
6
6
6
7
0
0
0
0
0
0
0
0
0
0
0
0
7
7
7
0
0
0
0
0
0
0
0
0
0
0
0
0
0
0
0
0
0
0
0
0
0
0
0
0
0
0
0
0
0
0
0
0
0
0
0
0
0
0
