0
0
0
0
0
0
0
0
0
0
0
0
0
0
0
0
0
0
0
0
0
0
0
0
0
0
0
0
0
0
0
0
7
7
0
0
0
0
0
0
0
0
0
0
0
0
0
0
7
7
0
0
0
0
0
0
0
0
0
0
0
0
0
0
6
6
7
7
0
0
0
0
0
0
0
0
0
0
0
0
6
6
7
7
0
0
0
0
0
0
0
0
0
0
0
0
6
6
6
6
7
7
0
0
0
0
0
0
0
0
0
0
6
6
6
6
7
7
0
0
0
0
0
0
0
0
0
0
3
3
6
6
7
7
0
0
0
0
0
0
0
0
0
0
3
3
6
6
7
7
0
0
0
0
0
0
0
0
0
0
6
6
6
6
7
7
0
0
0
0
0
0
0
0
0
0
6
6
6
6
7
7
0
0
0
0
0
0
0
0
0
0
6
6
7
7
0
0
0
0
0
0
0
0
0
0
0
0
6
6
7
7
0
0
0
0
0
0
0
0
0
0
0
0
9
9
6
6
7
7
0
0
0
0
0
0
0
0
0
0
9
9
6
6
7
7
0
0
0
0
0
0
0
0
0
0
